mean: 24.85740
stdev: 4.94132
